Bobette Squires 0570983570 1 1 63 68 57 92 71 66 73 95 76 77
Mariam Braseth 0579753323 1 8 69 82 95 69 74 81 72 57 60 92
Ricardo Domino 0556226305 2 1 54 75 53 53 61 85 87 77 85 91
Georgina Pap 0531930603 2 6 83 74 82 82 77 52 81 100 63 78
Brent Sillery 0553793109 3 3 94 91 93 54 65 87 98 93 71 89
Markus Montell 0520245942 3 4 52 68 61 57 79 91 64 80 82 67
Riley Pringle 0541559706 3 4 99 99 69 93 89 96 71 60 56 65
Latonya Rossotto 0517472096 3 9 55 100 62 92 72 89 68 65 64 67
Alessandra Frisch 0599975653 3 10 81 67 96 59 85 85 66 70 75 73
Savanna Beichner 0534919155 4 4 61 91 96 84 63 80 68 93 97 93
Susana Arenivar 0512048462 4 5 63 90 99 73 99 63 98 61 95 68
Angelyn Guanio 0531693719 4 6 82 64 84 89 71 54 90 87 89 70
Ike Croak 0530014533 4 7 63 96 74 81 79 81 76 52 50 93
Raphael Rioseco 0582725880 4 7 84 94 72 76 71 95 99 79 99 87
Felice Desnoyers 0593375242 4 9 57 55 63 72 79 53 64 96 71 90
Diego Laufer 0562063597 5 1 59 64 87 58 67 75 56 67 87 76
Rolland Kinkin 0533970407 5 9 95 79 89 88 81 61 52 62 74 58
Pennie Elbaum 0537063083 5 9 74 58 87 95 86 64 63 83 91 65
Bryant Mcdannold 0547943047 6 1 95 53 52 82 58 67 95 51 52 77
Enrique Nedina 0562821828 6 1 90 53 85 76 55 93 56 68 52 62
Byron Force 0510244433 6 2 75 68 86 96 67 68 100 64 65 99
Jacinto Paff 0581945851 6 5 66 96 65 63 81 83 70 70 87 52
Myrtice Finnila 0534831816 6 7 66 69 52 50 77 90 53 80 77 95
Rueben Dicken 0578435688 6 7 67 100 100 56 57 88 97 65 77 88
Matthew Oland 0556503045 6 9 91 87 82 67 71 98 56 74 98 98
Lizbeth Garahan 0531837715 7 1 88 66 69 50 79 63 68 85 86 80
Regan Ellenburg 0576947458 7 2 88 65 55 60 56 88 62 71 78 63
Jolynn Bagozzi 0548365229 7 3 86 97 74 58 80 87 68 70 56 58
Trudi Felsenthal 0566998379 7 6 61 65 72 80 98 72 75 62 56 53
Magali Furnari 0533032215 8 1 59 83 76 84 74 85 64 97 73 50
Kyle Shomer 0547776564 8 2 64 93 66 93 79 54 55 52 74 71
Demarcus Oberdorf 0531097262 9 1 97 50 56 97 71 73 56 100 77 94
Ellena Bezenek 0564754451 9 3 69 50 57 54 90 79 65 90 90 51
Carole Letourneau 0572095167 9 7 90 74 68 55 73 71 55 89 51 87
Jennette Fehr 0515386466 9 8 79 57 65 88 79 73 81 95 79 55
Dinorah Wonderly 0560344096 9 9 97 64 82 89 99 92 75 84 72 63
Sigrid Schaffter 0588962711 10 2 89 86 100 69 60 81 74 94 87 75
Kirby Lomago 0527563223 10 4 72 85 74 84 79 56 56 86 70 89
Dovie Saddler 0516839166 10 6 95 53 90 95 94 77 56 68 50 76
Elna Iarossi 0580109127 10 10 56 91 63 95 53 52 70 84 87 85
Juan Carlos 0580109127 10 10 56 91 63 95 53 52 70 84 87 100
Ula Bogdanovich 0531888484 11 1 98 51 74 94 67 89 74 72 68 97
Chelsea Greenlow 0537289096 11 8 65 53 56 60 55 76 50 50 85 74
Daniell Baratta 0519598581 11 9 63 90 65 70 83 97 89 78 56 80
Tova Carpentieri 0550250654 12 7 67 77 71 92 59 58 76 89 78 85
Geraldine Pihlaja 0568058974 12 8 80 96 100 71 87 79 97 95 77 54
